#home
Latitude:55.711295
Longitude:37.612321